# The bold variant of the small font (8px high, up to 8px wide)
# You can run this through xform.c

111
111
111
111
111
111
111
111

00
00
00
00
00
11
00
11

010
010
111
111
111
111
111
111

10101
00000
00000
10101
00000
00000
10101
11111

10101
10000
00101
00001
10000
10100
00001
10101

001101
001001
111011
110011
110111
100100
101100
111111

100011
001001
100011
000010
001000
001000
100010
111111

0
0
1
1
1
1
1
1

110
101
001
001
001
001
101
110

011
101
100
100
100
100
101
011

11011
01010
00000
10001
00000
01010
11011
11111

11111
11011
11011
00000
11011
11011
11111
11111

11
11
11
11
11
10
00
01

1111
1111
1111
0000
1111
1111
1111
1111

11
11
11
11
11
00
00
11

110
110
100
101
001
011
011
111

10001
00100
00100
00100
00100
00100
10001
11111

11001
10001
11001
11001
11001
11001
11001
11111

00001
11100
11100
10001
00111
00111
00000
11111

00001
11100
11100
10001
11100
11100
00001
11111

11100
11000
10100
01100
00000
11100
11100
11111

00001
01111
00001
11100
11100
11100
00001
11111

10001
00111
00001
00100
00100
00100
10001
11111

00000
11100
11001
11001
10011
10011
10011
11111

10001
00100
00100
10001
00100
00100
10001
11111

10001
00100
00100
00100
10000
11100
10001
11111

11
11
00
00
11
00
00
11

11
11
00
00
11
10
00
01

1110
1100
1001
0011
1001
1100
1110
1111

1111
1111
1111
0000
1111
0000
1111
1111

0111
0011
1001
1100
1001
0011
0111
1111

00001
11100
11001
10011
10011
11111
10011
11111

111111
100001
001100
000000
001000
000000
001111
100001

10001
00100
00100
00100
00000
00100
00100
11111

00001
00100
00001
00100
00100
00100
00001
11111

10000
00111
00111
00111
00111
00111
10000
11111

00001
00100
00100
00100
00100
00100
00001
11111

00000
00111
00001
00111
00111
00111
00000
11111

00000
00111
00001
00111
00111
00111
00111
11111

10001
00111
00111
00100
00100
00100
10000
11111

00100
00100
00000
00100
00100
00100
00100
11111

00
00
00
00
00
00
00
11

1100
1100
1100
1100
1100
1100
0001
1111

001100
001001
000011
000111
000011
001001
001100
111111

0011
0011
0011
0011
0011
0011
0000
1111

0111110
0011100
0001000
0000000
0010100
0011100
0011100
1111111

011100
001100
000100
000000
001000
001100
001110
111111

100001
001100
001100
001100
001100
001100
100001
111111

00001
00100
00100
00100
00001
00111
00111
11111

100001
001100
001100
001100
001100
001000
100001
111100

00001
00100
00100
00100
00001
00101
00100
11111

1000
0011
0011
1001
1100
1100
0001
1111

000000
110011
110011
110011
110011
110011
110011
111111

00100
00100
00100
00100
00100
00100
10001
11111

001100
001100
001100
100001
100001
110011
110011
111111

0011100
0011100
0010100
0000000
1000001
1000001
1001001
1111111

001100
001100
100001
110011
100001
001100
001100
111111

001100
001100
100001
110011
110011
110011
110011
111111

00000
11100
11000
10001
00011
00111
00000
11111

000
001
001
001
001
001
001
000

011
011
001
101
100
110
110
111

000
100
100
100
100
100
100
000

101
000
010
111
111
111
111
111

11111
11111
11111
11111
11111
11111
11111
00000

01
10
11
11
11
11
11
11

11111
11111
10001
11100
10000
00100
10000
11111

00111
00111
00001
00100
00100
00100
00001
11111

1111
1111
1000
0011
0011
0011
1000
1111

11100
11100
10000
00100
00100
00100
10000
11111

11111
11111
10001
00100
00000
00111
10000
11111

100
001
000
001
001
001
001
111

11111
11111
10000
00100
00100
10000
11100
10001

00111
00111
00001
00100
00100
00100
00100
11111

00
11
00
00
00
00
00
11

100
111
100
100
100
100
100
001

00111
00111
00100
00001
00011
00001
00100
11111

00
00
00
00
00
00
00
11

11111111
11111111
00000001
00100100
00100100
00100100
00100100
11111111

11111
11111
00001
00100
00100
00100
00100
11111

11111
11111
10001
00100
00100
00100
10001
11111

11111
11111
00001
00100
00100
00001
00111
00111

11111
11111
10000
00100
00100
10000
11100
11100

1111
1111
0010
0000
0011
0011
0011
1111

1111
1111
1000
0011
0000
1100
0001
1111

001
001
000
001
001
001
100
111

11111
11111
00100
00100
00100
00100
10000
11111

11111
11111
00100
00100
10001
10001
11011
11111

1111111
1111111
0011100
0011100
0010100
1000001
1001001
1111111

11111
11111
00100
00100
10001
00100
00100
11111

11111
11111
00100
00100
00100
10000
11100
10001

11111
11111
00000
11001
10011
00111
00000
11111

110
101
001
001
001
001
101
110

00
00
00
00
00
00
00
00

011
101
100
100
100
100
101
011

111111
111111
111111
100110
000000
011001
111111
111111

111111
110001
101110
000001
000011
101110
110001
111111

11000
10011
10011
10011
00001
10011
00000
11111

001100
100001
000000
110011
000000
110011
110011
111111

11111
01110
10001
00100
00100
10001
01110
11111

11001
11111
11001
11001
10011
00111
10000
11111

00
11
00
00
00
00
00
11

1001
0010
0001
0100
0010
1000
0100
1001

