# The big font (13px high, up to 11px wide)
# You can run this through xform.c

111
111
111
111
111
111
111
111
111
111
111
111
111

00
00
00
00
00
00
00
00
11
00
00
11
11

101101
101101
101101
111111
111111
111111
111111
111111
111111
111111
111111
111111
111111

1111111
1111111
1001001
1001001
1001001
0000000
1001001
0000000
1001001
1001001
1001001
1111111
1111111

1110111
1000001
0010100
0010111
0010111
1000001
1110100
1110100
1110100
0010100
1000001
1110111
1110111

1011100
0101101
0101001
1011011
1110011
1110111
1100111
1101101
1001010
1011010
0011101
1111111
1111111

10001111
00100111
00100111
00100111
00100111
10001101
00001001
00100011
00110011
00100001
10001100
11111111
11111111

0
0
0
1
1
1
1
1
1
1
1
1
1

110
100
101
001
001
001
001
001
001
001
101
100
110

011
001
101
100
100
100
100
100
100
100
101
001
011

1111111
1111111
1111111
1011101
1001001
1100011
0000000
1100011
1001001
1011101
1111111
1111111
1111111

1111111
1111111
1111111
1111111
1110011
1110011
1000000
1110011
1110011
1111111
1111111
1111111
1111111

111
111
111
111
111
111
111
111
111
100
100
001
111

11111
11111
11111
11111
11111
00000
00000
11111
11111
11111
11111
11111
11111

111
111
111
111
111
111
111
111
111
001
001
111
111

11100
11100
11001
11001
11001
10011
10011
10011
00111
00111
00111
11111
11111

1000001
0011100
0011100
0011100
0011100
0011100
0011100
0011100
0011100
0011100
1000001
1111111
1111111

1110011
1100011
1000011
1010011
1110011
1110011
1110011
1110011
1110011
1110011
1110011
1111111
1111111

1000001
0011100
0011100
1111100
1111100
1110001
1000111
0011111
0011111
0011111
0000000
1111111
1111111

1000001
0011100
1111100
1111100
1100001
1111100
1111100
1111100
1111100
0011100
1000001
1111111
1111111

1111101
1111001
1110001
1101001
1011001
0011001
0011001
0000000
1111001
1111001
1111001
1111111
1111111

0000001
0011111
0011111
0011111
0000001
0011100
1111100
1111100
1111100
0011100
1000001
1111111
1111111

1000001
0011100
0011111
0011111
0000001
0011100
0011100
0011100
0011100
0011100
1000001
1111111
1111111

0000000
1111100
1111100
1111001
1111001
1110011
1110011
1100111
1100111
1100111
1100111
1111111
1111111

1000001
0011100
0011100
0011100
1000001
0011100
0011100
0011100
0011100
0011100
1000001
1111111
1111111

1000001
0011100
0011100
0011100
0011100
0011100
1000000
1111100
1111100
0011100
1000001
1111111
1111111

111
111
111
111
100
100
111
111
111
100
100
111
111

111
111
111
111
100
100
111
111
111
100
100
001
111

11111
11111
11110
11100
11001
10011
00111
10011
11001
11100
11110
11111
11111

11111
11111
11111
11111
11111
00000
11111
11111
00000
11111
11111
11111
11111

11111
11111
01111
00111
10011
11001
11100
11001
10011
00111
01111
11111
11111

100001
011100
011100
111100
111100
111001
110011
110011
111111
110011
110011
111111
111111

111111111
110000011
101111101
011010110
010100110
010110110
010110110
010110101
011001011
101111110
110000001
111111111
111111111

1000001
0011100
0011100
0011100
0011100
0011100
0011100
0000000
0011100
0011100
0011100
1111111
1111111

0000001
0011100
0011100
0011100
0000011
0011100
0011100
0011100
0011100
0011100
0000001
1111111
1111111

100001
001100
001111
001111
001111
001111
001111
001111
001111
001100
100001
111111
111111

0000011
0011001
0011100
0011100
0011100
0011100
0011100
0011100
0011100
0011001
0000011
1111111
1111111

0000000
0011111
0011111
0011111
0000011
0011111
0011111
0011111
0011111
0011111
0000000
1111111
1111111

0000000
0011111
0011111
0011111
0000011
0011111
0011111
0011111
0011111
0011111
0011111
1111111
1111111

1000001
0011100
0011111
0011111
0011111
0011000
0011100
0011100
0011100
0011100
1000000
1111111
1111111

0011100
0011100
0011100
0011100
0000000
0011100
0011100
0011100
0011100
0011100
0011100
1111111
1111111

00
00
00
00
00
00
00
00
00
00
00
11
11

11100
11100
11100
11100
11100
11100
11100
11100
11100
01100
10001
11111
11111

00111001
00110011
00100111
00001111
00011111
00011111
00001111
00100111
00110011
00111001
00111100
11111111
11111111

001111
001111
001111
001111
001111
001111
001111
001111
001111
001111
000000
111111
111111

011111110
001111100
000111000
000010000
001000100
001101100
001111100
001111100
001111100
001111100
001111100
111111111
111111111

0011100
0011100
0001100
0001100
0000100
0010100
0010000
0011000
0011000
0011100
0011100
1111111
1111111

10000001
00111100
00111100
00111100
00111100
00111100
00111100
00111100
00111100
00111100
10000001
11111111
11111111

0000001
0011100
0011100
0011100
0011100
0011100
0000001
0011111
0011111
0011111
0011111
1111111
1111111

10000001
00111100
00111100
00111100
00111100
00111100
00111100
00111100
00101100
00100100
10000001
11111001
11111111

00000011
00111001
00111001
00111001
00111001
00111001
00000011
00100111
00110011
00111001
00111100
11111111
11111111

100001
001100
001111
001111
001111
100001
111100
111100
111100
001100
100001
111111
111111

000000
110011
110011
110011
110011
110011
110011
110011
110011
110011
110011
111111
111111

0011100
0011100
0011100
0011100
0011100
0011100
0011100
0011100
0011100
0011100
1000001
1111111
1111111

00111100
00111100
00111100
00111100
10011001
10011001
10011001
11011011
11000011
11100111
11100111
11111111
11111111

0011111100
0011111100
0011111100
0011111100
1001111001
1001001001
1001001001
1001001001
1100000011
1100110011
1100110011
1111111111
1111111111

0011100
0011100
0011100
1001001
1001001
1100011
1001001
1001001
0011100
0011100
0011100
1111111
1111111

00111100
00111100
10011001
10011001
11000011
11000011
11100111
11100111
11100111
11100111
11100111
11111111
11111111

0000000
1111100
1111000
1110001
1100011
1000111
0001111
0011111
0011111
0011111
0000000
1111111
1111111

0000
0011
0011
0011
0011
0011
0011
0011
0011
0011
0011
0011
0000

00111
00111
10011
10011
10011
11001
11001
11001
11100
11100
11100
11111
11111

0000
1100
1100
1100
1100
1100
1100
1100
1100
1100
1100
1100
0000

11011
10001
00100
01110
11111
11111
11111
11111
11111
11111
11111
11111
11111

11111111
11111111
11111111
11111111
11111111
11111111
11111111
11111111
11111111
11111111
11111111
00000000
11111111

011
101
110
111
111
111
111
111
111
111
111
111
111

111111
111111
111111
100001
111100
111100
100000
001100
001100
001100
100000
111111
111111

001111
001111
001111
000001
001100
001100
001100
001100
001100
001100
000001
111111
111111

11111
11111
11111
10001
00110
00111
00111
00111
00111
00110
10001
11111
11111

111100
111100
111100
100000
001100
001100
001100
001100
001100
001100
100000
111111
111111

111111
111111
111111
100001
001100
001100
000000
001111
001111
001110
100001
111111
111111

1100
1001
1001
0000
1001
1001
1001
1001
1001
1001
1001
1111
1111

111111
111111
111111
100000
001100
001100
001100
001100
001100
001100
100000
111100
100001

001111
001111
001111
000001
001100
001100
001100
001100
001100
001100
001100
111111
111111

00
00
11
00
00
00
00
00
00
00
00
11
11

100
100
111
100
100
100
100
100
100
100
100
100
001

001111
001111
001111
001100
001001
000011
000111
000111
000011
001001
001100
111111
111111

00
00
00
00
00
00
00
00
00
00
00
11
11

11111111
11111111
11111111
00000001
00100100
00100100
00100100
00100100
00100100
00100100
00100100
11111111
11111111

111111
111111
111111
000001
001100
001100
001100
001100
001100
001100
001100
111111
111111

111111
111111
111111
100001
001100
001100
001100
001100
001100
001100
100001
111111
111111

111111
111111
111111
000001
001100
001100
001100
001100
001100
001100
000001
001111
001111

111111
111111
111111
100000
001100
001100
001100
001100
001100
001100
100000
111100
111100

11111
11111
11111
00100
00000
00111
00111
00111
00111
00111
00111
11111
11111

11111
11111
11111
10000
00111
00011
10001
11000
11100
11100
00001
11111
11111

1001
1001
1001
0000
1001
1001
1001
1001
1001
1001
1100
1111
1111

111111
111111
111111
001100
001100
001100
001100
001100
001100
001100
100000
111111
111111

111111
111111
111111
001100
001100
001100
001100
101101
100001
110011
110011
111111
111111

111111111
111111111
111111111
001111100
001111100
001111100
100111001
100101001
100000001
110010011
110010011
111111111
111111111

111111
111111
111111
001100
001100
100001
110011
110011
100001
001100
001100
111111
111111

111111
111111
111111
001100
001100
001100
001100
001100
001100
001100
100000
111100
100001

111111
111111
111111
000000
111100
111000
110001
100011
000111
001111
000000
111111
111111

110
100
101
001
001
001
001
001
001
001
101
100
110

011
001
101
100
100
100
100
100
100
100
101
001
011

00
00
00
00
00
00
00
00
00
00
00
00
00

1111111
1111111
1111111
1111111
1111111
1100110
1000000
1011001
1111111
1111111
1111111
1111111
1111111

11111000011
11100011000
11000111110
11001111111
00000000001
11001111111
00000000011
11001111111
11000111110
11100011000
11111000011
11111111111
11111111111

1100011
1001001
1001111
1001111
1001111
0000011
1001111
1001111
1001111
1001100
0000001
1111111
1111111

00111100
00111100
10011001
10011001
00000000
11100111
00000000
11100111
11100111
11100111
11100111
11111111
11111111

111111111
011111110
101000101
110111011
101111101
101111101
101111101
110111011
101000101
011111110
111111111
111111111
111111111

110011
110011
111111
110011
110011
100111
001111
001111
001110
001110
100001
111111
111111

00
00
11
00
00
00
00
00
00
00
00
11
11

110001
100100
100100
100111
000011
001001
001100
100100
110000
111001
001001
001001
100011

