# The normal variant of the small font (8px high, up to 7px wide)
# You can run this through xform.c

111
111
111
111
111
111
111
111

0
0
0
0
0
1
0
1

010
010
111
111
111
111
111
111

10101
10101
00000
10101
10101
00000
10101
10101

1101
1000
0101
0001
1000
1100
0001
1101

0010
0010
1101
1001
1011
0100
0100
1111

10111
01011
01011
10111
01010
01101
10010
11111

0
0
1
1
1
1
1
1

10
01
01
01
01
01
01
10

01
10
10
10
10
10
10
01

11111
10101
11011
00000
11011
10101
11111
11111

11111
11011
11011
00000
11011
11011
11111
11111

11
11
11
11
11
11
10
01

1111
1111
1111
0000
1111
1111
1111
1111

1
1
1
1
1
1
0
1

110
110
101
101
101
011
011
111

1001
0110
0110
0110
0110
0110
1001
1111

1101
1001
1101
1101
1101
1101
1101
1111

0001
1110
1110
1001
0111
0111
0000
1111

0001
1110
1110
1001
1110
1110
0001
1111

1110
1100
1010
0110
0000
1110
1110
1111

0001
0111
0001
1110
1110
1110
0001
1111

1001
0111
0001
0110
0110
0110
1001
1111

0000
1110
1101
1101
1011
1011
1011
1111

1001
0110
0110
1001
0110
0110
1001
1111

1001
0110
0110
0110
1000
1110
1001
1111

1
1
1
0
1
1
0
1

11
11
11
10
11
11
10
01

1110
1101
1011
0111
1011
1101
1110
1111

1111
1111
1111
0000
1111
0000
1111
1111

0111
1011
1101
1110
1101
1011
0111
1111

0001
1110
1101
1011
1011
1111
1011
1111

10001
01110
01000
00100
01001
01110
10001
11111

1001
0110
0110
0110
0000
0110
0110
1111

0001
0110
0001
0110
0110
0110
0001
1111

1000
0111
0111
0111
0111
0111
1000
1111

0001
0110
0110
0110
0110
0110
0001
1111

0000
0111
0001
0111
0111
0111
0000
1111

0000
0111
0001
0111
0111
0111
0111
1111

1000
0111
0100
0110
0110
0110
1000
1111

0110
0110
0000
0110
0110
0110
0110
1111

0
0
0
0
0
0
0
1

110
110
110
110
110
110
001
111

0110
0101
0011
0111
0011
0101
0110
1111

0111
0111
0111
0111
0111
0111
0000
1111

01110
00100
01010
01010
01110
01110
01110
11111

01110
00110
01010
01100
01110
01110
01110
11111

10001
01110
01110
01110
01110
01110
10001
11111

0001
0110
0110
0110
0001
0111
0111
1111

10001
01110
01110
01110
01110
01010
10001
11110

0001
0110
0110
0110
0001
0101
0110
1111

1000
0111
0111
1001
1110
1110
0001
1111

00000
11011
11011
11011
11011
11011
11011
11111

0110
0110
0110
0110
0110
0110
1001
1111

01110
01110
01110
10101
10101
11011
11011
11111

0111110
0111110
1011101
1010101
1010101
1101011
1101011
1111111

01110
01110
10101
11011
10101
01110
01110
11111

01110
01110
10101
11011
11011
11011
11011
11111

0000
1110
1101
1011
0111
0111
0000
1111

00
01
01
01
01
01
01
00

011
011
101
101
101
110
110
111

00
10
10
10
10
10
10
00

101
010
111
111
111
111
111
111

11111
11111
11111
11111
11111
11111
11111
00000

01
10
11
11
11
11
11
11

1111
1111
1001
1110
1000
0110
1000
1111

0111
0111
0001
0110
0110
0110
0001
1111

111
111
100
011
011
011
100
111

1110
1110
1000
0110
0110
0110
1000
1111

1111
1111
1001
0110
0000
0111
1001
1111

10
01
00
01
01
01
01
11

1111
1111
1000
0110
0110
1000
1110
1001

0111
0111
0001
0110
0110
0110
0110
1111

0
1
0
0
0
0
0
1

10
11
10
10
10
10
10
01

0111
0111
0110
0101
0011
0101
0110
1111

0
0
0
0
0
0
0
1

11111
11111
00001
01010
01010
01010
01010
11111

1111
1111
0001
0110
0110
0110
0110
1111

1111
1111
1001
0110
0110
0110
1001
1111

1111
1111
0001
0110
0110
0001
0111
0111

1111
1111
1000
0110
0110
1000
1110
1110

111
111
010
000
011
011
011
111

111
111
100
011
101
110
001
111

01
01
00
01
01
01
10
11

1111
1111
0110
0110
0110
0110
1000
1111

11111
11111
01110
01110
10101
10101
11011
11111

11111
11111
01110
01010
01010
10101
10101
11111

1111
1111
0110
0110
1001
0110
0110
1111

1111
1111
0110
0110
0110
1000
1110
1001

1111
1111
0000
1101
1011
0111
0000
1111

10
01
01
01
01
01
01
10

0
0
0
0
0
0
0
0

01
10
10
10
10
10
10
01

111111
111111
111111
100110
011001
111111
111111
111111

111111
110001
101110
000001
000011
101110
110001
111111

1000
0111
0111
0001
1011
1011
0000
1111

01110
10101
00000
11011
10001
11011
11011
11111

1111
0110
1001
0110
0110
1001
0110
1111

1101
1111
1101
1101
1011
0111
1000
1111

0
1
0
0
0
0
0
1

101
010
001
010
010
100
010
101

