# The very small font for locations in menu (6px high, up to 5px wide)
# You can run this through xform.c

110
110
101
101
011
011

11
11
11
00
11
11

1
1
1
1
1
0

10001
00100
00100
00100
00100
10001

11001
10001
11001
11001
11001
11001

00001
11100
11100
10001
00111
00000

00001
11100
10001
11100
11100
00001

11100
11000
10100
00000
11100
11100

00001
00111
00001
11100
11100
00001

10001
00111
00001
00100
00100
10001

00000
11100
11001
10011
10011
10011

10001
00100
10001
00100
00100
10001

10001
00100
00100
10000
11100
10001

